46.7580866
43.7857478
43.3572150
44.7792412
44.6196718
45.0858072
45.5243545
44.6623339
43.5099019
43.4956489
43.9982204
43.8977058
43.0171110
43.5578454
43.3067349
43.1845400
43.3486920
43.1523525
43.1682339
44.5453432
44.0431835
43.3602509
43.2662465
43.2238300
43.2656449
43.4438740
43.2504492
43.5224674
43.1806890
43.2787522
43.1962798
42.7822206
43.5174234
43.3377986
43.4799527
43.2643284
42.9960744
43.2249132
43.2324779
43.6753104
43.6492572
43.2186681
48.6820756
49.8178950
46.9778452
43.5486726
43.1441579
43.5925391
43.3783311
43.3779565
