00.0001216
00.0001995
00.0001004
00.0001230
00.0001611
00.0002453
00.0002230
00.0001739
00.0003532
00.0001751
00.0001277
00.0001288
00.0001526
00.0001665
00.0002163
00.0001462
00.0001078
00.0001335
00.0001298
00.0001507
00.0001446
00.0000763
00.0001757
00.0001640
00.0001428
00.0001289
00.0001675
00.0001708
00.0001760
00.0001976
00.0001090
00.0001851
00.0003081
00.0001438
00.0001489
00.0002896
00.0001017
00.0001748
00.0001269
00.0004120
00.0000976
00.0001336
00.0001554
00.0001728
00.0001181
00.0001756
00.0001179
00.0001203
00.0001515
00.0001382
