00.4708329
00.4415103
00.4545751
00.4291512
00.4597962
00.4496425
00.4363084
00.4681498
00.4292197
00.4371524
00.4417199
00.4516333
00.4413619
00.4542181
00.4351685
00.4303538
00.4529221
00.4616352
00.4396436
00.4475966
00.4410575
00.4414549
00.4343075
00.4586914
00.4307609
00.4549438
00.4307207
00.4310300
00.4517971
00.4315113
00.4378769
00.4445247
00.4430664
00.4384729
00.4357170
00.4354504
00.4660378
00.4376076
00.4335775
00.4341609
00.4300164
00.4663840
00.4426472
00.4901590
00.4800833
00.4394918
00.4625763
00.4346962
00.4596122
00.4660957
