00.0043444
00.0042702
00.0284822
00.0042343
00.0050574
00.0041851
00.0043276
00.0054102
00.0042357
00.0054849
00.0046675
00.0056710
00.0041983
00.0053136
00.0045634
00.0043964
00.0044753
00.0045971
00.0042108
00.0042063
00.0048923
00.0043125
00.0053813
00.0042306
00.0042924
00.0042458
00.0042955
00.0052933
00.0042787
00.0042206
00.0043017
00.0046054
00.0098400
00.0046668
00.0042750
00.0043518
00.0062910
00.0045514
00.0060733
00.0042929
00.0041833
00.0043862
00.0046166
00.0042088
00.0047155
00.0043099
00.0044455
00.0048487
00.0043941
00.0042048
