00.0000439
00.0000497
00.0000496
00.0000493
00.0000909
00.0000567
00.0000525
00.0000552
00.0000495
00.0000598
00.0000437
00.0000506
00.0000498
00.0001313
00.0000438
00.0000675
00.0000832
00.0000617
00.0000487
00.0000681
00.0000494
00.0000673
00.0000559
00.0001118
00.0000495
00.0000492
00.0000491
00.0000487
00.0000549
00.0001401
00.0000612
00.0000481
00.0000490
00.0000701
00.0000525
00.0000645
00.0000439
00.0000581
00.0000652
00.0000877
00.0001343
00.0000487
00.0000556
00.0000773
00.0000578
00.0000497
00.0000645
00.0000635
00.0000480
00.0000529
