00.0000090
00.0000102
00.0000113
00.0000112
00.0000102
00.0000115
00.0000121
00.0000105
00.0000109
00.0000108
00.0000121
00.0000108
00.0000386
00.0000093
00.0000094
00.0000107
00.0000199
00.0000113
00.0000117
00.0000096
00.0000093
00.0000099
00.0000114
00.0000101
00.0000096
00.0000098
00.0000119
00.0000103
00.0000113
00.0000101
00.0000223
00.0000095
00.0000118
00.0000102
00.0000085
00.0000106
00.0000095
00.0000110
00.0000110
00.0000104
00.0000098
00.0000105
00.0000106
00.0000107
00.0000116
00.0000263
00.0000107
00.0000117
00.0000113
00.0000099
