00.0225401
00.0178529
00.0190140
00.0180522
00.0202141
00.0185066
00.0250694
00.0179900
00.0184338
00.0192119
00.0173520
00.0195500
00.0177993
00.0184165
00.0222098
00.0193661
00.0188243
00.0183921
00.0190201
00.0190537
00.0183212
00.0195461
00.0188772
00.0197392
00.0198946
00.0181497
00.0188586
00.0222807
00.0195090
00.0216971
00.0199182
00.0194819
00.0177027
00.0186756
00.0189238
00.0185072
00.0195805
00.0171607
00.0180459
00.0173076
00.0184837
00.0196630
00.0217703
00.0199578
00.0196151
00.0172190
00.0187417
00.0171306
00.0194816
00.0169760
