00.0001550
00.0001358
00.0001150
00.0001145
00.0001200
00.0001297
00.0001143
00.0001592
00.0001361
00.0001143
00.0001479
00.0001196
00.0001331
00.0001347
00.0001168
00.0001497
00.0001704
00.0001341
00.0001573
00.0001211
00.0001244
00.0002204
00.0001631
00.0001224
00.0001420
00.0001556
00.0001161
00.0001340
00.0001244
00.0001824
00.0001492
00.0001141
00.0001153
00.0001146
00.0003276
00.0001253
00.0001590
00.0001216
00.0001760
00.0001518
00.0001146
00.0001297
00.0001391
00.0001146
00.0001335
00.0001283
00.0001265
00.0002154
00.0001223
00.0001294
