00.0015584
00.0016876
00.0014925
00.0019915
00.0017207
00.0020525
00.0015787
00.0014571
00.0014982
00.0020312
00.0019485
00.0014949
00.0017556
00.0015552
00.0014973
00.0014677
00.0016140
00.0014961
00.0015813
00.0019399
00.0014955
00.0015203
00.0014997
00.0022752
00.0014971
00.0014953
00.0014928
00.0015099
00.0016165
00.0015036
00.0015266
00.0023620
00.0015793
00.0027767
00.0020131
00.0014708
00.0015196
00.0014985
00.0016301
00.0015136
00.0015203
00.0015644
00.0021584
00.0019943
00.0017603
00.0018211
00.0015621
00.0015638
00.0015376
00.0015284
