00.0001352
00.0002259
00.0002104
00.0001660
00.0005836
00.0001463
00.0002918
00.0001459
00.0002362
00.0000521
00.0002149
00.0000672
00.0001261
00.0001449
00.0001305
00.0001219
00.0001699
00.0001121
00.0001189
00.0001508
00.0001522
00.0001236
00.0002471
00.0001351
00.0001601
00.0001188
00.0001394
00.0001359
00.0001412
00.0010888
00.0001148
00.0001970
00.0001587
00.0001250
00.0001447
00.0001500
00.0001333
00.0001543
00.0001434
00.0001553
00.0001091
00.0001358
00.0001656
00.0001415
00.0001524
00.0001369
00.0001470
00.0001164
00.0001233
00.0001447
