00.0001572
00.0002303
00.0001112
00.0001877
00.0001455
00.0001878
00.0001212
00.0001542
00.0001572
00.0001233
00.0001630
00.0002201
00.0001363
00.0001136
00.0001792
00.0000977
00.0001637
00.0001497
00.0001120
00.0001783
00.0001301
00.0001246
00.0002346
00.0001462
00.0001327
00.0001432
00.0001759
00.0002723
00.0002321
00.0002032
00.0002031
00.0001829
00.0004155
00.0001984
00.0001583
00.0001800
00.0000548
00.0001765
00.0002253
00.0002188
00.0001442
00.0001275
00.0001575
00.0002297
00.0001271
00.0001468
00.0001470
00.0001261
00.0001330
00.0001467
