00.0000199
00.0000174
00.0000201
00.0000172
00.0000206
00.0000230
00.0000460
00.0000210
00.0000204
00.0000236
00.0000248
00.0000187
00.0000500
00.0000209
00.0000169
00.0000210
00.0000199
00.0000199
00.0000208
00.0000197
00.0000234
00.0000206
00.0000201
00.0000201
00.0000210
00.0000246
00.0000220
00.0000209
00.0000172
00.0000887
00.0000244
00.0000213
00.0000201
00.0000205
00.0000203
00.0000243
00.0000169
00.0000271
00.0000196
00.0000207
00.0000225
00.0000211
00.0000217
00.0000201
00.0000207
00.0000302
00.0000248
00.0000210
00.0000195
00.0000203
