00.0015548
00.0016239
00.0027212
00.0016322
00.0016532
00.0016744
00.0016115
00.0020769
00.0019016
00.0016625
00.0016018
00.0023098
00.0032120
00.0015506
00.0015812
00.0021078
00.0022587
00.0018639
00.0015931
00.0024324
00.0016348
00.0019305
00.0025600
00.0022757
00.0024102
00.0027639
00.0016789
00.0016047
00.0015905
00.0029694
00.0022310
00.0022391
00.0015976
00.0015882
00.0016942
00.0016132
00.0017621
00.0016813
00.0016560
00.0019167
00.0016727
00.0016052
00.0017334
00.0019119
00.0018484
00.0018570
00.0016348
00.0016070
00.0016164
00.0018267
