00.1849860
00.1677471
00.1620326
00.1926045
00.1685553
00.1638440
00.1647453
00.1902558
00.1643225
00.1672982
00.1654848
00.1733498
00.1695076
00.1670840
00.1682980
00.1661072
00.1675630
00.1683562
00.1675768
00.1727150
00.1626210
00.1664231
00.1678080
00.1710683
00.1667206
00.1684535
00.1661065
00.1691105
00.1693419
00.1711932
00.1648659
00.1813531
00.1707927
00.1620193
00.1681965
00.1634340
00.1658045
00.1653942
00.1632475
00.1640819
00.1687064
00.1699721
00.1720578
00.1830669
00.1880593
00.1679197
00.1693477
00.1636281
00.1626251
00.1630257
