17.3566872
16.1389982
16.4558636
16.8779989
16.6485395
16.6049985
16.9605988
16.4942029
16.1023434
16.3499330
16.3518900
16.1088811
16.3634837
16.0346068
16.1031964
16.4855925
16.0754393
16.1006501
16.2869186
16.4211686
16.7857192
16.1143454
16.0770716
16.3811288
16.1001213
16.0625837
16.2378282
16.8001150
16.4307938
16.0774441
16.1429651
16.4392710
16.2822512
16.0549538
16.1590127
16.0361640
16.2902265
16.1118271
16.0622365
16.5879430
16.1360373
16.1861279
18.4364491
18.5401058
16.0501739
16.0972248
16.4931811
16.1368855
16.0984763
16.3197773
