00.0000299
00.0000757
00.0000306
00.0000318
00.0000433
00.0000949
00.0000987
00.0001299
00.0000571
00.0000337
00.0000449
00.0000610
00.0000468
00.0000623
00.0000569
00.0000709
00.0000697
00.0000492
00.0000271
00.0000464
00.0000670
00.0000476
00.0000376
00.0000828
00.0000974
00.0000325
00.0000916
00.0000562
00.0000729
00.0000528
00.0000335
00.0000539
00.0000543
00.0000625
00.0001095
00.0000292
00.0000388
00.0000736
00.0000414
00.0000357
00.0000373
00.0000642
00.0000805
00.0000507
00.0000468
00.0000309
00.0000471
00.0000320
00.0000452
00.0000389
