00.0000900
00.0000758
00.0001294
00.0000870
00.0001123
00.0000981
00.0000738
00.0000885
00.0001038
00.0000832
00.0000792
00.0000759
00.0000957
00.0000751
00.0000734
00.0000896
00.0000927
00.0000847
00.0000877
00.0000765
00.0000836
00.0001042
00.0000944
00.0000748
00.0001130
00.0001173
00.0002101
00.0000759
00.0000806
00.0001375
00.0000948
00.0000909
00.0001180
00.0001003
00.0000780
00.0000834
00.0001022
00.0000854
00.0000924
00.0001135
00.0000794
00.0000904
00.0000852
00.0000791
00.0000998
00.0000767
00.0000810
00.0000871
00.0001013
00.0000893
