00.0000070
00.0000065
00.0000091
00.0000080
00.0000076
00.0000091
00.0000085
00.0000091
00.0000089
00.0000084
00.0000073
00.0000063
00.0000086
00.0000064
00.0000075
00.0000072
00.0000079
00.0000256
00.0000078
00.0000082
00.0000095
00.0000098
00.0000078
00.0000076
00.0000089
00.0000087
00.0000265
00.0000092
00.0000087
00.0000170
00.0000077
00.0000090
00.0000078
00.0000077
00.0000082
00.0000065
00.0000087
00.0000231
00.0000082
00.0000077
00.0000087
00.0000079
00.0000080
00.0000087
00.0000078
00.0000094
00.0000091
00.0000085
00.0000081
00.0000076
