00.0012161
00.0010155
00.0009114
00.0010965
00.0015871
00.0009617
00.0014643
00.0008768
00.0010465
00.0018024
00.0009773
00.0011567
00.0008755
00.0008696
00.0017506
00.0014648
00.0009198
00.0008699
00.0013564
00.0019056
00.0008937
00.0008665
00.0009052
00.0012236
00.0009777
00.0012607
00.0009109
00.0016261
00.0008802
00.0008683
00.0008697
00.0009145
00.0008755
00.0012624
00.0008732
00.0008743
00.0009536
00.0008700
00.0012682
00.0012515
00.0011082
00.0012620
00.0008655
00.0009165
00.0010021
00.0012663
00.0018915
00.0008767
00.0008908
00.0014287
