00.0103832
00.0104983
00.0130677
00.0112127
00.0107711
00.0111103
00.0103927
00.0109917
00.0148796
00.0116409
00.0115303
00.0110711
00.0107212
00.0122355
00.0113849
00.0110939
00.0116429
00.0127458
00.0114694
00.0113792
00.0124274
00.0111332
00.0106193
00.0106819
00.0112684
00.0111609
00.0113498
00.0105499
00.0119879
00.0118360
00.0114791
00.0108602
00.0106784
00.0120544
00.0116915
00.0114120
00.0130110
00.0123142
00.0103768
00.0111234
00.0110756
00.0122870
00.0136198
00.0122713
00.0120920
00.0112676
00.0105332
00.0113528
00.0112066
00.0109606
