00.0010832
00.0010701
00.0039124
00.0010676
00.0010760
00.0012407
00.0010638
00.0018827
00.0011743
00.0010711
00.0010977
00.0010962
00.0011143
00.0011720
00.0010642
00.0011743
00.0010951
00.0010716
00.0012592
00.0010660
00.0016661
00.0013011
00.0013474
00.0020161
00.0010780
00.0011812
00.0010655
00.0013783
00.0012787
00.0011093
00.0011066
00.0010797
00.0010917
00.0015273
00.0010812
00.0010857
00.0017719
00.0016296
00.0011228
00.0011088
00.0010842
00.0015501
00.0010667
00.0015492
00.0012900
00.0016453
00.0011082
00.0011458
00.0011153
00.0010767
