00.0001985
00.0001291
00.0001394
00.0001553
00.0002859
00.0001690
00.0002303
00.0001755
00.0003415
00.0000668
00.0001557
00.0001365
00.0001715
00.0001288
00.0001624
00.0002184
00.0001272
00.0001254
00.0001370
00.0001611
00.0001757
00.0003160
00.0002228
00.0001542
00.0002464
00.0001270
00.0001569
00.0001858
00.0001820
00.0006114
00.0001265
00.0001961
00.0002005
00.0001245
00.0003026
00.0001508
00.0001155
00.0001413
00.0001483
00.0002440
00.0001219
00.0001348
00.0001668
00.0001927
00.0002829
00.0001754
00.0001468
00.0001274
00.0001839
00.0001699
