00.1074003
00.1219542
00.1059799
00.1094579
00.1054297
00.1065393
00.1108849
00.1116780
00.1109902
00.1088923
00.1106046
00.1108228
00.1107676
00.1088051
00.1154166
00.1148582
00.1073018
00.1107518
00.1072927
00.1119181
00.1113356
00.1091781
00.1083412
00.1151452
00.1135163
00.1087188
00.1072921
00.1092979
00.1175279
00.1089578
00.1083682
00.1068628
00.1104547
00.1112790
00.1116591
00.1076499
00.1083219
00.1078651
00.1111829
00.1074061
00.1128074
00.1093177
00.1096547
00.1145023
00.1177646
00.1095675
00.1153877
00.1100585
00.1089063
00.1091570
