00.0000150
00.0000149
00.0000162
00.0000150
00.0000169
00.0000159
00.0000155
00.0000154
00.0000166
00.0000162
00.0000154
00.0000195
00.0000161
00.0000148
00.0000166
00.0000158
00.0000177
00.0000165
00.0000179
00.0000183
00.0000165
00.0000311
00.0000172
00.0000146
00.0000158
00.0000156
00.0000164
00.0000184
00.0000158
00.0000250
00.0000188
00.0000146
00.0000178
00.0000160
00.0000142
00.0000158
00.0000188
00.0000161
00.0000176
00.0000163
00.0000175
00.0000160
00.0000198
00.0000170
00.0000284
00.0000159
00.0000169
00.0000186
00.0000158
00.0000162
