15.0304738
14.3706302
14.3571297
14.6885102
14.7397102
14.4334336
15.0877789
14.2446127
14.2992009
14.6017089
14.4219135
14.2906640
14.3412639
14.2489810
14.3332768
14.2468965
14.2628292
14.4613749
14.2741710
14.5677740
14.5436987
14.2237929
14.2723328
14.1512270
14.1777455
14.4129892
14.2272326
14.4940096
14.3617732
14.2254259
14.3748489
14.2177662
14.1770321
14.5826175
14.2049165
14.2227437
14.3759615
14.3315484
14.3544693
14.2507085
14.2429944
14.5258781
15.3187888
15.2083257
14.3029388
14.3834983
14.2504256
14.2137686
14.5051333
14.2409450
