00.1488376
00.1465282
00.1424573
00.1673430
00.1467003
00.1443415
00.1507297
00.1537773
00.1492350
00.1459421
00.1467701
00.1441283
00.1484070
00.1445893
00.1460596
00.1495757
00.1454942
00.1505257
00.1421965
00.1497029
00.1405012
00.1458277
00.1447663
00.1492024
00.1455376
00.1482793
00.1445866
00.1422788
00.1454806
00.1438577
00.1469450
00.1460335
00.1496078
00.1432258
00.1426037
00.1448915
00.1495290
00.1553253
00.1423031
00.1477517
00.1465504
00.1454062
00.1456522
00.1630927
00.1518336
00.1448071
00.1546326
00.1453624
00.1458104
00.1499173
