00.0001534
00.0001295
00.0000983
00.0001685
00.0001235
00.0001583
00.0001645
00.0001694
00.0001634
00.0000552
00.0001238
00.0001031
00.0001659
00.0001798
00.0001205
00.0001223
00.0000972
00.0001211
00.0001117
00.0001141
00.0002022
00.0001162
00.0001502
00.0001351
00.0001181
00.0001208
00.0001501
00.0002369
00.0001865
00.0002151
00.0002000
00.0002222
00.0001595
00.0001532
00.0001315
00.0002029
00.0002978
00.0001423
00.0001666
00.0002065
00.0001149
00.0001186
00.0001750
00.0002065
00.0002534
00.0001567
00.0001511
00.0001164
00.0001278
00.0001433
