00.0014024
00.0014209
00.0016551
00.0014127
00.0014212
00.0017841
00.0015008
00.0016971
00.0021293
00.0014430
00.0013951
00.0014478
00.0014331
00.0014121
00.0013950
00.0014367
00.0014456
00.0013998
00.0014332
00.0014324
00.0017201
00.0018255
00.0016154
00.0018967
00.0014069
00.0015980
00.0013898
00.0017722
00.0014309
00.0014910
00.0020934
00.0019617
00.0014262
00.0014028
00.0016750
00.0020087
00.0017250
00.0019860
00.0014378
00.0018587
00.0013921
00.0019729
00.0014312
00.0014039
00.0014901
00.0015135
00.0014310
00.0015166
00.0014062
00.0014308
