00.0000176
00.0000172
00.0000386
00.0000172
00.0000415
00.0000205
00.0000195
00.0000206
00.0000184
00.0000195
00.0000174
00.0000182
00.0000188
00.0000171
00.0000171
00.0000254
00.0000531
00.0000170
00.0000180
00.0000255
00.0000185
00.0000178
00.0000176
00.0000181
00.0000177
00.0000191
00.0000166
00.0000656
00.0000190
00.0000185
00.0000963
00.0000178
00.0000175
00.0000170
00.0000166
00.0000178
00.0000162
00.0000186
00.0002747
00.0000191
00.0000180
00.0000178
00.0000167
00.0000179
00.0000230
00.0000186
00.0000187
00.0000681
00.0000185
00.0000546
