00.0000419
00.0000388
00.0000462
00.0000463
00.0000396
00.0000698
00.0000448
00.0000386
00.0000470
00.0000382
00.0000383
00.0000389
00.0000457
00.0000379
00.0000379
00.0000447
00.0000633
00.0000382
00.0000453
00.0000677
00.0000560
00.0000657
00.0000525
00.0001026
00.0000480
00.0000478
00.0000380
00.0000542
00.0000381
00.0000682
00.0000538
00.0000382
00.0000455
00.0000384
00.0000390
00.0000541
00.0000527
00.0000498
00.0000619
00.0000613
00.0000451
00.0000457
00.0000467
00.0000385
00.0000461
00.0000496
00.0000633
00.0000478
00.0000457
00.0000475
