00.0061294
00.0062408
00.0067848
00.0068792
00.0064288
00.0068466
00.0083874
00.0062563
00.0087051
00.0061173
00.0062219
00.0061974
00.0088366
00.0070140
00.0062913
00.0061344
00.0063624
00.0061782
00.0062072
00.0063082
00.0066235
00.0065582
00.0063325
00.0064684
00.0066417
00.0062758
00.0062030
00.0060786
00.0064100
00.0062475
00.0063763
00.0062019
00.0062835
00.0085671
00.0062441
00.0093657
00.0061802
00.0074895
00.0061743
00.0061977
00.0061877
00.0062707
00.0082360
00.0070026
00.0065759
00.0063429
00.0064009
00.0074327
00.0083948
00.0061746
