00.0001404
00.0001549
00.0001161
00.0001725
00.0001392
00.0001666
00.0001601
00.0001510
00.0001341
00.0000666
00.0001987
00.0001065
00.0001384
00.0001774
00.0001704
00.0001278
00.0000990
00.0001449
00.0001875
00.0001701
00.0001916
00.0001059
00.0001759
00.0001243
00.0001228
00.0001164
00.0001384
00.0002940
00.0001802
00.0002019
00.0002148
00.0001290
00.0001350
00.0001368
00.0001468
00.0001272
00.0001106
00.0001580
00.0001619
00.0002035
00.0001180
00.0001433
00.0001179
00.0001786
00.0001114
00.0001288
00.0001415
00.0001380
00.0001519
00.0001416
