00.0000036
00.0000041
00.0000042
00.0000042
00.0000043
00.0000046
00.0000052
00.0000043
00.0000048
00.0000044
00.0000036
00.0000036
00.0000046
00.0000044
00.0000033
00.0000040
00.0000037
00.0000040
00.0000040
00.0000047
00.0000047
00.0000039
00.0000044
00.0000034
00.0000044
00.0000045
00.0000044
00.0000037
00.0000037
00.0000039
00.0000041
00.0000042
00.0000047
00.0000042
00.0000040
00.0000045
00.0000031
00.0000039
00.0000042
00.0000051
00.0000099
00.0000039
00.0000039
00.0000039
00.0000042
00.0000044
00.0000047
00.0000049
00.0000041
00.0000046
