00.0005105
00.0005350
00.0005487
00.0005217
00.0006569
00.0005325
00.0006760
00.0006129
00.0005870
00.0006120
00.0005335
00.0005195
00.0005105
00.0005866
00.0005480
00.0006092
00.0005686
00.0007753
00.0005248
00.0006709
00.0005281
00.0006163
00.0005966
00.0005505
00.0005478
00.0006847
00.0005783
00.0006333
00.0005517
00.0010679
00.0005733
00.0005816
00.0005587
00.0005795
00.0005476
00.0005537
00.0005513
00.0005635
00.0006310
00.0012002
00.0005500
00.0008001
00.0005445
00.0005908
00.0006244
00.0012716
00.0005988
00.0009898
00.0005242
00.0005478
