00.4982997
00.4917083
00.4615198
00.4496864
00.4553544
00.4652975
00.4612672
00.4744570
00.4797380
00.4791627
00.4573740
00.4454982
00.4823686
00.4559818
00.4596092
00.4532268
00.4562802
00.4612107
00.4783975
00.5064748
00.4369201
00.4581203
00.4598747
00.5213832
00.4701351
00.4555763
00.4769460
00.4846278
00.4716594
00.4867690
00.4518105
00.4888481
00.4864020
00.4616896
00.4544054
00.4551136
00.4570285
00.4718019
00.4800369
00.4898694
00.4558191
00.4568639
00.4583562
00.4588404
00.4552401
00.4546121
00.4773719
00.4678875
00.4581705
00.4876561
