00.0000453
00.0000414
00.0001200
00.0000627
00.0000478
00.0000541
00.0000498
00.0002181
00.0000677
00.0000608
00.0000572
00.0000642
00.0000501
00.0000438
00.0000414
00.0000434
00.0000588
00.0000419
00.0000638
00.0000562
00.0000440
00.0000585
00.0000616
00.0000575
00.0000857
00.0000527
00.0000958
00.0000651
00.0000955
00.0000474
00.0000511
00.0000431
00.0000723
00.0000485
00.0000445
00.0000620
00.0000563
00.0000445
00.0000456
00.0000605
00.0000368
00.0000639
00.0000443
00.0000526
00.0000476
00.0000421
00.0000459
00.0000611
00.0000592
00.0000589
