00.0038312
00.0047314
00.0037964
00.0043444
00.0038286
00.0043815
00.0041713
00.0048892
00.0045208
00.0043056
00.0040176
00.0046332
00.0037839
00.0045368
00.0036172
00.0040831
00.0037462
00.0053127
00.0042591
00.0040794
00.0039366
00.0042587
00.0037892
00.0048487
00.0055752
00.0038385
00.0037450
00.0043872
00.0039704
00.0037779
00.0039182
00.0036299
00.0038220
00.0044660
00.0038029
00.0036224
00.0037672
00.0037931
00.0037364
00.0041504
00.0038378
00.0036050
00.0039050
00.0037619
00.0038096
00.0036878
00.0037436
00.0042350
00.0042868
00.0039346
