00.0001939
00.0001610
00.0003800
00.0002878
00.0003818
00.0002162
00.0002114
00.0003958
00.0004173
00.0002075
00.0002141
00.0003801
00.0001792
00.0002273
00.0001791
00.0001966
00.0002144
00.0001824
00.0002220
00.0002079
00.0003027
00.0004507
00.0002676
00.0004076
00.0001790
00.0001863
00.0002249
00.0002339
00.0001832
00.0003180
00.0005079
00.0002694
00.0006490
00.0003471
00.0003841
00.0003635
00.0003136
00.0001898
00.0003208
00.0002158
00.0003485
00.0002700
00.0002213
00.0001756
00.0003409
00.0004800
00.0003946
00.0004410
00.0003562
00.0002113
