49.2352688
48.8679154
48.5912718
48.7465504
48.6677542
49.2425865
48.7589901
48.9796739
48.8090479
48.7647165
48.9122640
49.2357365
48.7905188
48.6597173
48.7382379
49.1000611
49.0570471
49.0637567
48.9316805
48.7883901
48.9619622
48.6574866
48.6988704
48.9311244
49.2172119
48.8231982
48.7892265
48.8554911
49.2494833
49.7556734
48.9363297
48.7836995
48.8980312
48.8446039
48.9032467
48.9339488
48.9022391
48.9372939
48.7197517
48.5906310
48.8849186
48.8769141
49.2341090
48.8771940
48.8492567
48.6757632
48.8527724
48.7099897
48.6041832
49.5117918
