00.0242163
00.0261516
00.0276361
00.0281065
00.0250685
00.0248090
00.0286615
00.0252084
00.0241363
00.0284920
00.0235751
00.0240865
00.0296377
00.0267157
00.0259325
00.0278891
00.0276580
00.0246212
00.0292011
00.0241420
00.0255456
00.0254833
00.0257733
00.0279520
00.0241031
00.0270723
00.0249442
00.0269172
00.0255526
00.0255910
00.0286838
00.0255274
00.0262442
00.0243531
00.0261113
00.0258753
00.0255585
00.0256854
00.0255995
00.0242747
00.0254792
00.0258464
00.0264298
00.0281350
00.0240218
00.0264682
00.0257045
00.0320431
00.0255355
00.0251481
