00.0023190
00.0028759
00.0027855
00.0028145
00.0018552
00.0027608
00.0020040
00.0019714
00.0019324
00.0026948
00.0018681
00.0024309
00.0021968
00.0018309
00.0018937
00.0018727
00.0019472
00.0025257
00.0022142
00.0020000
00.0022971
00.0018920
00.0020724
00.0028692
00.0021016
00.0018586
00.0019701
00.0019481
00.0019755
00.0036439
00.0022211
00.0018834
00.0025019
00.0027902
00.0018935
00.0032588
00.0019670
00.0027551
00.0024191
00.0025173
00.0018988
00.0018484
00.0019472
00.0028113
00.0020390
00.0028982
00.0026405
00.0018932
00.0019590
00.0019489
