00.0004990
00.0004290
00.0004350
00.0003997
00.0005153
00.0004133
00.0007415
00.0005319
00.0004667
00.0005072
00.0003553
00.0003797
00.0002812
00.0004689
00.0003754
00.0004373
00.0004831
00.0007447
00.0003412
00.0003636
00.0003803
00.0003075
00.0007496
00.0003631
00.0003363
00.0003625
00.0003276
00.0006159
00.0003715
00.0004022
00.0003321
00.0002930
00.0006656
00.0003501
00.0010409
00.0004772
00.0003822
00.0004565
00.0004286
00.0003327
00.0004089
00.0004078
00.0009262
00.0003333
00.0003480
00.0007148
00.0006226
00.0003382
00.0005133
00.0005053
