00.0000115
00.0000130
00.0000127
00.0000132
00.0000117
00.0000113
00.0000132
00.0000108
00.0000128
00.0000113
00.0000111
00.0000273
00.0000135
00.0000213
00.0000103
00.0000114
00.0000130
00.0000131
00.0000114
00.0000130
00.0000106
00.0000249
00.0000113
00.0000138
00.0000125
00.0000100
00.0000098
00.0000285
00.0000126
00.0000103
00.0000119
00.0000105
00.0000118
00.0000103
00.0000115
00.0000115
00.0000138
00.0000114
00.0000132
00.0000104
00.0000132
00.0000118
00.0000107
00.0000123
00.0000937
00.0000116
00.0000118
00.0000137
00.0000109
00.0000118
