00.0001695
00.0003382
00.0001549
00.0001741
00.0002385
00.0004891
00.0001774
00.0001869
00.0001643
00.0001454
00.0001420
00.0001599
00.0001730
00.0002016
00.0001377
00.0001450
00.0001948
00.0001603
00.0002225
00.0001869
00.0001626
00.0001950
00.0001609
00.0001749
00.0001612
00.0001497
00.0001519
00.0001465
00.0001957
00.0002025
00.0001613
00.0001402
00.0001873
00.0001452
00.0001860
00.0001872
00.0002465
00.0001583
00.0001742
00.0001556
00.0001582
00.0004022
00.0001539
00.0001546
00.0001627
00.0001558
00.0001817
00.0001512
00.0001523
00.0001458
