00.0002422
00.0004220
00.0002511
00.0003287
00.0002558
00.0002514
00.0002237
00.0003263
00.0002398
00.0002458
00.0002240
00.0002645
00.0001683
00.0002371
00.0002490
00.0002085
00.0002935
00.0004914
00.0003014
00.0004858
00.0003319
00.0002391
00.0003091
00.0003132
00.0003216
00.0002792
00.0002497
00.0002596
00.0002435
00.0002332
00.0002680
00.0001903
00.0002331
00.0001680
00.0002422
00.0002663
00.0002516
00.0002895
00.0002066
00.0002565
00.0003346
00.0002694
00.0002493
00.0002284
00.0004710
00.0003529
00.0002672
00.0004130
00.0001997
00.0002661
