00.0008586
00.0008047
00.0009320
00.0012694
00.0019585
00.0012912
00.0008896
00.0009274
00.0008733
00.0007795
00.0008419
00.0009916
00.0015491
00.0009326
00.0013375
00.0013644
00.0011502
00.0008571
00.0009493
00.0009723
00.0008286
00.0010601
00.0016080
00.0009493
00.0009496
00.0008279
00.0022071
00.0008731
00.0013807
00.0008813
00.0010548
00.0007811
00.0008932
00.0007650
00.0009037
00.0009902
00.0011041
00.0009867
00.0013117
00.0010315
00.0008551
00.0008422
00.0007885
00.0010180
00.0015735
00.0009524
00.0013821
00.0008561
00.0009266
00.0018918
