00.0925795
00.0901434
00.0821592
00.0845069
00.0901368
00.0931555
00.0943722
00.0841483
00.0930991
00.0930519
00.0984673
00.0878933
00.0872016
00.0849333
00.0873651
00.0878980
00.0891549
00.0856325
00.0932638
00.0870953
00.0945706
00.0818234
00.0824389
00.0881603
00.0857138
00.0880283
00.0858867
00.0964899
00.0857133
00.0888043
00.0872998
00.0837378
00.0977099
00.0900966
00.0919490
00.0864675
00.0912436
00.0891339
00.0859939
00.0836872
00.0836941
00.0914246
00.0829273
00.0871884
00.0976589
00.0925716
00.0851779
00.0874937
00.0868402
00.0842747
