00.0000110
00.0000099
00.0000100
00.0000133
00.0000107
00.0000121
00.0000115
00.0000974
00.0000123
00.0000127
00.0000115
00.0000260
00.0000139
00.0000112
00.0000100
00.0000122
00.0000131
00.0000114
00.0000104
00.0000131
00.0000105
00.0000143
00.0000291
00.0000120
00.0000115
00.0000145
00.0000122
00.0000291
00.0000114
00.0000117
00.0000106
00.0000111
00.0000101
00.0000092
00.0000100
00.0000116
00.0000113
00.0000094
00.0000105
00.0000121
00.0000114
00.0000110
00.0000126
00.0000101
00.0000127
00.0000413
00.0000093
00.0000107
00.0000111
00.0000130
