08.2258068
08.1173932
08.0728669
08.2337240
08.1626130
08.3858942
08.1011905
08.0992206
08.1592493
08.1438912
08.0696507
08.2504093
08.2939624
08.1684869
08.3042467
08.1724371
08.1611365
08.1655825
08.1410800
08.1083545
08.2185676
08.1359793
08.2327816
08.4044707
08.1069413
08.1360175
08.1225503
08.1384994
08.1354917
08.5143011
08.1418949
08.4443134
08.1224228
08.1322852
08.1277118
08.0944323
08.1316185
08.3077944
08.1946649
08.2457364
08.3117205
08.1418798
08.1159196
08.1050193
08.2448514
08.1537365
08.2845143
08.1117321
08.3294000
08.1453783
