00.0200103
00.0198912
00.0200796
00.0205952
00.0192761
00.0194824
00.0199624
00.0209683
00.0183063
00.0213113
00.0193886
00.0190647
00.0208957
00.0187154
00.0193457
00.0197982
00.0209394
00.0215941
00.0206601
00.0200633
00.0189761
00.0205623
00.0211385
00.0203773
00.0199050
00.0188173
00.0224103
00.0219526
00.0204090
00.0206515
00.0200981
00.0209125
00.0205166
00.0213971
00.0186852
00.0195059
00.0250194
00.0203073
00.0216884
00.0210366
00.0210386
00.0204766
00.0219999
00.0197074
00.0226411
00.0189895
00.0199519
00.0206670
00.0198893
00.0206109
