00.0015987
00.0019651
00.0017631
00.0020454
00.0015133
00.0016539
00.0019089
00.0014993
00.0018843
00.0019819
00.0015348
00.0015267
00.0028852
00.0015226
00.0015384
00.0018731
00.0022789
00.0015342
00.0015195
00.0015119
00.0019240
00.0015392
00.0015215
00.0015461
00.0018436
00.0016704
00.0016740
00.0015514
00.0015037
00.0015413
00.0020660
00.0016061
00.0015853
00.0015779
00.0015734
00.0016703
00.0015171
00.0015298
00.0017786
00.0017341
00.0015446
00.0018327
00.0015140
00.0015777
00.0016309
00.0016027
00.0015929
00.0015009
00.0015109
00.0021732
