00.0002364
00.0002396
00.0005149
00.0005120
00.0002347
00.0002350
00.0002877
00.0005430
00.0002352
00.0004943
00.0003406
00.0002536
00.0002378
00.0002568
00.0002380
00.0002421
00.0002341
00.0002438
00.0002358
00.0002338
00.0003403
00.0005326
00.0005132
00.0002360
00.0002354
00.0002331
00.0002415
00.0002544
00.0002378
00.0002346
00.0002398
00.0006068
00.0002346
00.0003329
00.0002333
00.0005478
00.0002355
00.0002351
00.0002345
00.0002372
00.0002372
00.0002374
00.0005205
00.0002409
00.0002384
00.0002419
00.0005174
00.0002344
00.0002370
00.0002392
