00.0000117
00.0000116
00.0000126
00.0000115
00.0000117
00.0000792
00.0000128
00.0000125
00.0000119
00.0000114
00.0000116
00.0000114
00.0000116
00.0000121
00.0000103
00.0000099
00.0000122
00.0000122
00.0000188
00.0000104
00.0000115
00.0000123
00.0000118
00.0000114
00.0000131
00.0000106
00.0000121
00.0000136
00.0000233
00.0000121
00.0000107
00.0000097
00.0000322
00.0000117
00.0000098
00.0000132
00.0000114
00.0000122
00.0000117
00.0000118
00.0000121
00.0000133
00.0000118
00.0000130
00.0000120
00.0000124
00.0000123
00.0000119
00.0000112
00.0000126
