00.0001348
00.0001460
00.0001666
00.0001777
00.0001242
00.0001428
00.0001379
00.0001507
00.0001529
00.0001434
00.0001614
00.0001638
00.0001674
00.0001460
00.0001244
00.0001403
00.0001365
00.0001461
00.0003364
00.0001299
00.0001317
00.0001448
00.0001218
00.0001354
00.0001744
00.0001229
00.0001407
00.0001726
00.0001350
00.0001219
00.0001645
00.0001213
00.0002073
00.0001229
00.0001344
00.0001371
00.0001447
00.0001222
00.0001364
00.0001202
00.0001243
00.0001220
00.0001238
00.0001233
00.0001635
00.0002067
00.0001206
00.0002038
00.0001629
00.0001252
