00.0001011
00.0001077
00.0000988
00.0001220
00.0001003
00.0001045
00.0001188
00.0001029
00.0000997
00.0000988
00.0001013
00.0000915
00.0001324
00.0005246
00.0000843
00.0000846
00.0001158
00.0002827
00.0000907
00.0001211
00.0001107
00.0000928
00.0001310
00.0001131
00.0001041
00.0000948
00.0000859
00.0001246
00.0000949
00.0000944
00.0001094
00.0000853
00.0000973
00.0001002
00.0001051
00.0000975
00.0001415
00.0000846
00.0002021
00.0000856
00.0000934
00.0000953
00.0000873
00.0000925
00.0000980
00.0000998
00.0001139
00.0000910
00.0000914
00.0001879
