00.0139807
00.0137858
00.0146003
00.0148085
00.0142157
00.0144930
00.0149460
00.0143208
00.0154057
00.0155826
00.0139455
00.0136817
00.0171952
00.0150912
00.0134609
00.0158530
00.0141922
00.0153691
00.0151795
00.0135346
00.0147544
00.0157711
00.0156006
00.0155375
00.0147178
00.0144403
00.0144449
00.0138804
00.0132681
00.0147858
00.0150634
00.0168037
00.0140093
00.0133758
00.0154512
00.0159633
00.0147777
00.0144385
00.0141236
00.0140188
00.0146035
00.0152712
00.0143549
00.0138819
00.0164182
00.0143485
00.0155515
00.0148087
00.0136279
00.0142303
