00.0004870
00.0003390
00.0004320
00.0004079
00.0003260
00.0005118
00.0004096
00.0009262
00.0005611
00.0004299
00.0003509
00.0003627
00.0002632
00.0004292
00.0002811
00.0003418
00.0005116
00.0005006
00.0006110
00.0004561
00.0006143
00.0002860
00.0006379
00.0003458
00.0003388
00.0003082
00.0004578
00.0004623
00.0003113
00.0002761
00.0003505
00.0003160
00.0004663
00.0002725
00.0003979
00.0003255
00.0003688
00.0003033
00.0004974
00.0003579
00.0004035
00.0006292
00.0005214
00.0003364
00.0003140
00.0004374
00.0003917
00.0005797
00.0004317
00.0004941
