00.0016743
00.0010801
00.0011402
00.0011222
00.0012744
00.0016710
00.0011506
00.0011173
00.0018540
00.0016993
00.0010888
00.0012010
00.0016092
00.0011382
00.0015388
00.0012802
00.0014925
00.0022632
00.0022347
00.0011175
00.0013626
00.0011069
00.0017027
00.0010999
00.0011158
00.0011385
00.0010877
00.0012518
00.0011347
00.0011423
00.0016903
00.0010890
00.0012659
00.0011288
00.0020282
00.0011232
00.0011159
00.0016459
00.0012480
00.0020773
00.0011187
00.0021364
00.0011423
00.0011895
00.0011259
00.0014597
00.0011322
00.0016599
00.0010987
00.0011072
