14.1445326
14.2065617
14.1334667
14.2709075
14.2849564
14.0871556
14.0939589
14.3635578
14.0824386
14.0839953
14.1775682
14.1938786
14.2033704
14.2923361
14.1629483
14.0675131
14.0891164
14.0471593
14.1785815
14.3395643
14.1208024
14.2362110
14.0698588
14.1896330
14.0466519
14.0318381
14.1554446
14.1716632
14.1410335
14.2545407
14.2800163
14.0702885
14.0514104
14.0677365
14.1049932
14.2214363
14.1880081
14.1828286
14.2065825
14.2411335
14.0705676
14.0359307
14.0641148
14.0855020
14.2665774
14.1955483
14.1753482
14.1309005
14.3858037
14.0890322
