00.0000203
00.0000194
00.0000202
00.0000337
00.0000206
00.0000512
00.0000291
00.0000211
00.0000204
00.0000294
00.0000231
00.0000350
00.0000209
00.0000469
00.0000185
00.0000202
00.0000327
00.0000205
00.0000360
00.0000238
00.0000180
00.0000221
00.0000213
00.0000323
00.0000214
00.0000189
00.0000186
00.0000372
00.0000200
00.0000184
00.0000219
00.0000199
00.0000219
00.0000207
00.0000212
00.0000348
00.0000531
00.0000189
00.0000227
00.0000207
00.0000260
00.0000206
00.0000399
00.0000205
00.0000230
00.0000239
00.0000215
00.0000321
00.0000204
00.0000259
