00.0002279
00.0002024
00.0003090
00.0002755
00.0003254
00.0002808
00.0002771
00.0002223
00.0002583
00.0002535
00.0002848
00.0003215
00.0001768
00.0002867
00.0001996
00.0003649
00.0003520
00.0002859
00.0003655
00.0002571
00.0002278
00.0001914
00.0002567
00.0002437
00.0002835
00.0002986
00.0002617
00.0002531
00.0002822
00.0002879
00.0005901
00.0001859
00.0003379
00.0001816
00.0003266
00.0003307
00.0002208
00.0002749
00.0003425
00.0002286
00.0002897
00.0003139
00.0002492
00.0002250
00.0002303
00.0002196
00.0002872
00.0002676
00.0002970
00.0004400
