00.0016271
00.0015176
00.0014637
00.0017357
00.0015032
00.0018188
00.0014722
00.0014830
00.0017216
00.0014652
00.0014586
00.0014350
00.0028238
00.0016159
00.0014774
00.0014761
00.0015518
00.0014750
00.0014219
00.0014636
00.0014182
00.0014735
00.0014322
00.0015476
00.0014186
00.0014436
00.0026081
00.0014962
00.0014658
00.0014512
00.0014996
00.0014282
00.0014432
00.0014244
00.0015533
00.0015858
00.0014816
00.0014735
00.0023743
00.0014246
00.0014723
00.0014383
00.0025102
00.0015468
00.0016329
00.0014363
00.0018177
00.0014268
00.0014310
00.0025765
