00.1583890
00.1453726
00.1475610
00.1453745
00.1436671
00.1496812
00.1455565
00.1472781
00.1461939
00.1491602
00.1487171
00.1458966
00.1584322
00.1381830
00.1455121
00.1417793
00.1437102
00.1454665
00.1504782
00.1407162
00.1408810
00.1495253
00.1486666
00.1499465
00.1423490
00.1442171
00.1429628
00.1504493
00.1419603
00.1505407
00.1460837
00.1450558
00.1483826
00.1498423
00.1478853
00.1463601
00.1488488
00.1483125
00.1460179
00.1462678
00.1452554
00.1514263
00.1488260
00.1482482
00.1605390
00.1539152
00.1471009
00.1453561
00.1445171
00.1478680
