00.0002454
00.0002718
00.0003685
00.0003123
00.0003358
00.0002609
00.0003001
00.0004907
00.0003104
00.0003939
00.0003239
00.0003249
00.0002055
00.0003489
00.0002587
00.0003052
00.0003041
00.0003529
00.0003022
00.0004209
00.0004026
00.0002348
00.0003191
00.0003121
00.0003299
00.0003063
00.0002529
00.0003241
00.0003433
00.0002931
00.0008790
00.0002270
00.0003225
00.0003253
00.0003239
00.0008335
00.0002808
00.0003848
00.0003213
00.0003660
00.0003689
00.0003035
00.0003148
00.0002625
00.0003351
00.0003622
00.0004481
00.0003550
00.0003173
00.0003096
