00.0019333
00.0018436
00.0028100
00.0026615
00.0018100
00.0020279
00.0017361
00.0016801
00.0016390
00.0028657
00.0016977
00.0016889
00.0019246
00.0019986
00.0022965
00.0016686
00.0018877
00.0023034
00.0018995
00.0022039
00.0018480
00.0016901
00.0021970
00.0017178
00.0017072
00.0022554
00.0016736
00.0023678
00.0018727
00.0021707
00.0016904
00.0016586
00.0016758
00.0015796
00.0016976
00.0025834
00.0016983
00.0017999
00.0023330
00.0017748
00.0016589
00.0017582
00.0017709
00.0017014
00.0017391
00.0021005
00.0022104
00.0027425
00.0016405
00.0017934
