00.0001476
00.0002789
00.0001134
00.0002899
00.0001190
00.0001366
00.0001211
00.0001202
00.0001211
00.0001232
00.0001523
00.0001194
00.0001375
00.0001153
00.0001050
00.0001097
00.0001903
00.0003489
00.0001346
00.0001939
00.0001083
00.0001122
00.0001152
00.0001409
00.0001132
00.0001171
00.0001188
00.0001497
00.0001193
00.0001213
00.0001554
00.0001102
00.0001265
00.0001059
00.0001193
00.0002293
00.0001644
00.0001103
00.0001157
00.0002051
00.0001209
00.0003070
00.0001116
00.0001571
00.0001527
00.0001269
00.0002742
00.0001205
00.0001204
00.0001376
