00.0237815
00.0228759
00.0253664
00.0242793
00.0248952
00.0240499
00.0234726
00.0250111
00.0259084
00.0274807
00.0290993
00.0315416
00.0234139
00.0268244
00.0248599
00.0273500
00.0243710
00.0256990
00.0256478
00.0238136
00.0257372
00.0241853
00.0258197
00.0257233
00.0246321
00.0258174
00.0244848
00.0243768
00.0279055
00.0251842
00.0255304
00.0260518
00.0248868
00.0282870
00.0252904
00.0252784
00.0247029
00.0278459
00.0272053
00.0245442
00.0244124
00.0252098
00.0299070
00.0251184
00.0255250
00.0236490
00.0237716
00.0262440
00.0289795
00.0248425
