00.0000478
00.0000590
00.0001025
00.0000404
00.0000383
00.0000399
00.0000417
00.0000393
00.0001232
00.0001194
00.0000460
00.0000698
00.0000422
00.0000411
00.0000393
00.0000465
00.0000474
00.0000414
00.0000382
00.0000855
00.0000357
00.0000473
00.0000400
00.0000365
00.0000417
00.0000457
00.0000445
00.0000369
00.0000366
00.0000593
00.0000425
00.0000415
00.0000444
00.0000371
00.0000406
00.0000456
00.0000397
00.0000351
00.0000438
00.0000403
00.0000423
00.0000415
00.0000814
00.0000406
00.0000454
00.0000390
00.0000385
00.0000481
00.0001188
00.0000365
