00.0040120
00.0037456
00.0041116
00.0039037
00.0037395
00.0037366
00.0035809
00.0038488
00.0040821
00.0050490
00.0037468
00.0038322
00.0037419
00.0036523
00.0036534
00.0045556
00.0040608
00.0038390
00.0038306
00.0050643
00.0036831
00.0038954
00.0041284
00.0042654
00.0039061
00.0037656
00.0038205
00.0038265
00.0037549
00.0040816
00.0048351
00.0039906
00.0044914
00.0038062
00.0354156
00.0060533
00.0037249
00.0037424
00.0038929
00.0037424
00.0037447
00.0040777
00.0042115
00.0038070
00.0041198
00.0037985
00.0038845
00.0038164
00.0066443
00.0037309
