00.0002494
00.0002753
00.0002255
00.0002313
00.0003110
00.0002200
00.0004450
00.0002261
00.0004829
00.0007229
00.0003043
00.0002470
00.0002086
00.0003327
00.0002480
00.0002488
00.0003295
00.0002514
00.0002490
00.0002849
00.0002630
00.0002795
00.0002666
00.0002141
00.0004599
00.0002662
00.0002411
00.0003682
00.0002320
00.0003469
00.0002655
00.0002186
00.0002706
00.0002411
00.0003666
00.0002177
00.0004035
00.0002079
00.0003858
00.0004131
00.0002154
00.0003492
00.0003714
00.0002115
00.0002364
00.0002337
00.0003937
00.0003045
00.0002807
00.0002316
