51.3720166
50.2766920
50.2469461
49.3673916
49.0904941
49.0413197
49.0361154
49.3064325
49.2601115
49.0497162
49.1541043
49.1642876
48.8828992
48.8851896
49.0776329
49.2125403
49.2924151
48.8544549
51.4654371
50.0294853
49.7188161
49.3809887
49.3595817
49.5357330
49.4463274
49.2654711
49.4100378
49.7027240
49.0436180
49.1412763
49.2205503
49.9849388
49.6740423
49.1739045
49.2741131
49.2296632
50.1314256
49.1826994
49.0495736
49.1687874
49.2153355
48.9612142
48.9303657
49.1027054
49.1722257
49.2826634
53.1278946
50.6707006
49.0821966
49.0485212
