00.4626756
00.4820279
00.4646568
00.4561809
00.4768343
00.4744323
00.4549279
00.4680898
00.4431361
00.4694859
00.4637007
00.4583412
00.4621883
00.4600983
00.4519802
00.4811212
00.4706473
00.4411918
00.4611275
00.4929054
00.4667458
00.4614621
00.4544619
00.4600580
00.4705879
00.4534264
00.4852276
00.4686787
00.4766914
00.4660958
00.4796076
00.4679282
00.4718211
00.4546519
00.4548743
00.5037350
00.4753742
00.4569864
00.4533661
00.4547066
00.4540397
00.4564544
00.4533690
00.4483564
00.4898245
00.4789845
00.4785694
00.4882122
00.4649354
00.4670697
