00.0020598
00.0018918
00.0025435
00.0030371
00.0019352
00.0019981
00.0019246
00.0018519
00.0018768
00.0020059
00.0020267
00.0027636
00.0032670
00.0021762
00.0019704
00.0019389
00.0019856
00.0028415
00.0020894
00.0025610
00.0020604
00.0020447
00.0019062
00.0021307
00.0023393
00.0019486
00.0028435
00.0025101
00.0020088
00.0020498
00.0020174
00.0018465
00.0019492
00.0019688
00.0019646
00.0025194
00.0030778
00.0018604
00.0028434
00.0020471
00.0025194
00.0019301
00.0019697
00.0019976
00.0018850
00.0019239
00.0024329
00.0019835
00.0025991
00.0023689
