00.0003960
00.0003428
00.0006759
00.0003696
00.0004311
00.0011994
00.0003339
00.0006366
00.0003968
00.0003259
00.0003461
00.0003611
00.0003901
00.0003397
00.0003340
00.0003227
00.0004507
00.0003739
00.0003424
00.0004137
00.0003986
00.0003595
00.0003378
00.0004205
00.0003450
00.0004399
00.0003178
00.0003246
00.0003357
00.0003868
00.0004200
00.0004134
00.0004026
00.0003268
00.0003037
00.0004402
00.0003693
00.0002941
00.0003498
00.0003767
00.0003554
00.0003400
00.0003730
00.0002884
00.0005238
00.0003718
00.0002898
00.0005134
00.0003524
00.0003974
