00.0001826
00.0001622
00.0001469
00.0001982
00.0001618
00.0001581
00.0001590
00.0001608
00.0001515
00.0001964
00.0001736
00.0001671
00.0001446
00.0001979
00.0002122
00.0001628
00.0001603
00.0001398
00.0001433
00.0001568
00.0001501
00.0001595
00.0001427
00.0001602
00.0001543
00.0001640
00.0001627
00.0001766
00.0001525
00.0001738
00.0001649
00.0004067
00.0001583
00.0001816
00.0001618
00.0001537
00.0001801
00.0001569
00.0001942
00.0001829
00.0001427
00.0001496
00.0002191
00.0001559
00.0001642
00.0001431
00.0001451
00.0001424
00.0001653
00.0001539
