00.0282866
00.0232810
00.0255469
00.0311478
00.0273521
00.0247693
00.0252175
00.0256364
00.0283271
00.0252534
00.0261744
00.0271171
00.0261601
00.0272129
00.0262025
00.0257081
00.0276884
00.0275292
00.0260748
00.0287006
00.0250352
00.0260876
00.0264887
00.0256520
00.0245717
00.0254073
00.0273278
00.0264110
00.0276685
00.0268279
00.0260243
00.0237080
00.0241061
00.0254647
00.0244054
00.0258617
00.0247571
00.0256131
00.0257163
00.0254351
00.0288876
00.0257290
00.0245143
00.0259706
00.0297027
00.0288998
00.0249956
00.0253343
00.0315130
00.0253025
