00.0000123
00.0000148
00.0000109
00.0000117
00.0000230
00.0000112
00.0000106
00.0000115
00.0000122
00.0000111
00.0000128
00.0000102
00.0000103
00.0000114
00.0000117
00.0000290
00.0000114
00.0000141
00.0000101
00.0000114
00.0000123
00.0000134
00.0000121
00.0000115
00.0000116
00.0000134
00.0000115
00.0000105
00.0000116
00.0000126
00.0000111
00.0000120
00.0000128
00.0000112
00.0000108
00.0000125
00.0000129
00.0000106
00.0000113
00.0000125
00.0000099
00.0000111
00.0000111
00.0000123
00.0000119
00.0000136
00.0000121
00.0000122
00.0000115
00.0000102
