00.0002211
00.0004138
00.0002676
00.0002638
00.0002913
00.0002924
00.0002522
00.0003522
00.0003347
00.0003908
00.0004523
00.0002897
00.0002767
00.0002587
00.0002913
00.0002409
00.0004139
00.0003452
00.0002523
00.0002799
00.0002983
00.0003358
00.0002651
00.0003376
00.0002830
00.0002323
00.0002629
00.0002956
00.0002674
00.0002720
00.0002773
00.0002830
00.0002988
00.0002032
00.0002120
00.0002226
00.0002688
00.0004115
00.0004306
00.0002691
00.0002733
00.0002937
00.0004838
00.0002190
00.0002898
00.0003111
00.0002355
00.0005201
00.0006292
00.0002902
