00.0849739
00.0990924
00.0834627
00.0876346
00.0819850
00.0840182
00.0933718
00.0936921
00.0878715
00.0876002
00.0888465
00.0856044
00.0914393
00.0827527
00.0840288
00.0806887
00.0791457
00.0826418
00.0860920
00.0871793
00.0875363
00.0891233
00.0858892
00.0823458
00.0874374
00.0838529
00.0818351
00.0841280
00.0857216
00.0982526
00.0880472
00.0944698
00.0899866
00.0933493
00.0909192
00.0872970
00.0877487
00.0833486
00.0843149
00.0827694
00.0904836
00.0864468
00.0873597
00.0815930
00.0898785
00.0811955
00.0838849
00.0979151
00.0838203
00.0827394
