08.6598479
08.5531209
08.2213359
08.1338830
08.1832506
08.1967403
08.1248712
08.3162431
08.1372748
08.2217977
08.1400700
08.1253879
08.0389083
08.1320292
08.2955270
08.1541889
08.0949961
08.0754504
08.2682080
08.1780480
08.2124970
08.1558497
08.4373673
08.2307420
08.1757407
08.2127124
08.2528843
08.0568236
08.2171904
08.0797160
08.2519199
08.2651417
08.1490505
08.2924869
08.2111350
08.1460496
08.2445299
08.2132931
08.3159817
08.1884761
08.1659655
08.2872664
08.3099321
08.2046027
08.1442742
08.1942556
08.8408231
08.5360186
08.4739727
08.4987714
