00.0011660
00.0022411
00.0008109
00.0013817
00.0008226
00.0019329
00.0008157
00.0011017
00.0014020
00.0013933
00.0008841
00.0017593
00.0007859
00.0009150
00.0017954
00.0010438
00.0011362
00.0008229
00.0009547
00.0015071
00.0012605
00.0009654
00.0008118
00.0009038
00.0008433
00.0019182
00.0017818
00.0010489
00.0008382
00.0010221
00.0010134
00.0013600
00.0010888
00.0008485
00.0008082
00.0015865
00.0017609
00.0008483
00.0010478
00.0015638
00.0013490
00.0008026
00.0010950
00.0008406
00.0014391
00.0008095
00.0018265
00.0011012
00.0008347
00.0010109
