00.0000133
00.0000103
00.0000118
00.0000127
00.0000091
00.0000100
00.0000112
00.0000101
00.0001746
00.0000283
00.0000112
00.0000114
00.0000102
00.0000114
00.0000130
00.0000330
00.0000111
00.0000126
00.0000091
00.0000119
00.0000106
00.0000136
00.0000128
00.0000130
00.0000107
00.0000154
00.0000133
00.0000096
00.0000091
00.0000109
00.0000123
00.0000101
00.0000112
00.0000254
00.0000125
00.0000141
00.0000129
00.0000093
00.0000109
00.0000116
00.0000094
00.0000101
00.0000113
00.0000119
00.0000116
00.0000126
00.0000092
00.0000110
00.0000095
00.0000105
