00.0001350
00.0001330
00.0001167
00.0001350
00.0001166
00.0001277
00.0001163
00.0001170
00.0001517
00.0001584
00.0001377
00.0001174
00.0001164
00.0001188
00.0001158
00.0001349
00.0001255
00.0001290
00.0001169
00.0001609
00.0001192
00.0001252
00.0001277
00.0001332
00.0001168
00.0001160
00.0001374
00.0001327
00.0001185
00.0001786
00.0001421
00.0001383
00.0001307
00.0001363
00.0001607
00.0001954
00.0001176
00.0001233
00.0001567
00.0001677
00.0001165
00.0001436
00.0001536
00.0001203
00.0001371
00.0001316
00.0001458
00.0001417
00.0001579
00.0001162
