00.0181210
00.0191438
00.0173134
00.0219326
00.0217954
00.0201401
00.0198727
00.0182397
00.0181430
00.0194665
00.0272340
00.0186445
00.0187106
00.0190708
00.0180254
00.0183404
00.0181951
00.0175820
00.0185549
00.0195925
00.0181173
00.0179062
00.0187918
00.0195328
00.0177607
00.0208573
00.0188899
00.0195171
00.0193070
00.0196162
00.0189838
00.0186232
00.0185177
00.0187193
00.0186269
00.0188038
00.0179521
00.0189502
00.0181477
00.0188634
00.0177243
00.0185665
00.0190279
00.0221546
00.0184201
00.0182615
00.0178138
00.0233446
00.0188481
00.0195519
