00.0000099
00.0000118
00.0000108
00.0000115
00.0000103
00.0000101
00.0000109
00.0000107
00.0000230
00.0000285
00.0000122
00.0000133
00.0000100
00.0000120
00.0000134
00.0000125
00.0000201
00.0000118
00.0000253
00.0000113
00.0000113
00.0000114
00.0000115
00.0000097
00.0000118
00.0000137
00.0000106
00.0000118
00.0000133
00.0000117
00.0000120
00.0000114
00.0000130
00.0000107
00.0000098
00.0000115
00.0000114
00.0000517
00.0000106
00.0000297
00.0000109
00.0000128
00.0000116
00.0000101
00.0000115
00.0000702
00.0000098
00.0000121
00.0000220
00.0000100
