00.0015997
00.0017213
00.0014814
00.0016532
00.0016369
00.0019339
00.0015320
00.0014998
00.0015466
00.0016419
00.0017902
00.0014991
00.0016231
00.0018870
00.0016061
00.0017735
00.0015114
00.0015535
00.0015912
00.0017248
00.0015057
00.0017012
00.0015803
00.0017793
00.0014912
00.0015555
00.0016000
00.0016402
00.0015243
00.0019209
00.0015006
00.0014952
00.0020236
00.0015231
00.0016543
00.0014852
00.0015579
00.0015627
00.0015068
00.0015209
00.0014942
00.0014731
00.0015541
00.0015649
00.0015039
00.0017760
00.0014864
00.0014661
00.0015711
00.0015129
