00.0003190
00.0004531
00.0002574
00.0002361
00.0003655
00.0002359
00.0005173
00.0005275
00.0004611
00.0002358
00.0002374
00.0002366
00.0002450
00.0002369
00.0003738
00.0002374
00.0002372
00.0002383
00.0002377
00.0003135
00.0002363
00.0002350
00.0002378
00.0002342
00.0003171
00.0002360
00.0002403
00.0002348
00.0002478
00.0002361
00.0005401
00.0002538
00.0002501
00.0005109
00.0003172
00.0002385
00.0002356
00.0002349
00.0002360
00.0002417
00.0003052
00.0002366
00.0002529
00.0005026
00.0002355
00.0002385
00.0002592
00.0003310
00.0003492
00.0002616
