00.0015940
00.0010754
00.0021456
00.0010310
00.0009898
00.0013982
00.0010069
00.0011760
00.0015033
00.0009835
00.0010411
00.0011442
00.0010118
00.0012656
00.0010206
00.0010110
00.0010321
00.0012069
00.0010183
00.0011386
00.0011401
00.0010003
00.0009953
00.0014691
00.0019755
00.0010246
00.0018200
00.0010085
00.0010352
00.0010868
00.0010202
00.0014887
00.0009976
00.0010207
00.0011962
00.0010307
00.0009547
00.0011885
00.0010405
00.0010799
00.0009621
00.0011132
00.0010182
00.0010004
00.0009934
00.0010316
00.0009549
00.0010687
00.0017397
00.0011676
