00.0002971
00.0002859
00.0002652
00.0003152
00.0005580
00.0005234
00.0003407
00.0005115
00.0003180
00.0003087
00.0003167
00.0003199
00.0003031
00.0002859
00.0002708
00.0002764
00.0007253
00.0003420
00.0003635
00.0003695
00.0003666
00.0004132
00.0003091
00.0004518
00.0002950
00.0003473
00.0003108
00.0003589
00.0002789
00.0004007
00.0003832
00.0003271
00.0003934
00.0003152
00.0002642
00.0003553
00.0004149
00.0002849
00.0003144
00.0007040
00.0002740
00.0003061
00.0002736
00.0002536
00.0003165
00.0003960
00.0002632
00.0003623
00.0002842
00.0003561
