00.0166493
00.0139046
00.0155740
00.0151873
00.0147454
00.0157442
00.0143743
00.0155405
00.0156603
00.0163269
00.0159183
00.0143017
00.0160769
00.0140268
00.0140917
00.0155517
00.0170320
00.0144383
00.0153531
00.0160062
00.0202885
00.0170742
00.0158256
00.0152190
00.0145003
00.0154529
00.0158874
00.0153341
00.0150147
00.0139827
00.0161355
00.0157685
00.0160533
00.0162255
00.0149494
00.0139901
00.0152408
00.0151398
00.0158779
00.0163864
00.0151881
00.0140456
00.0153268
00.0146974
00.0188807
00.0157473
00.0143511
00.0161453
00.0147877
00.0164930
