00.0000932
00.0000885
00.0000997
00.0000787
00.0000823
00.0000923
00.0000972
00.0001226
00.0000911
00.0001065
00.0001029
00.0000824
00.0000785
00.0001062
00.0001057
00.0001000
00.0001124
00.0000923
00.0000982
00.0001015
00.0000854
00.0000847
00.0000793
00.0000876
00.0000889
00.0000878
00.0001525
00.0002035
00.0000941
00.0001058
00.0002135
00.0000956
00.0001052
00.0001245
00.0001713
00.0000959
00.0001084
00.0000800
00.0001049
00.0005131
00.0000828
00.0000855
00.0000909
00.0000894
00.0000905
00.0001041
00.0002130
00.0000781
00.0002082
00.0000914
