00.0015932
00.0021504
00.0013990
00.0016155
00.0014014
00.0016930
00.0019089
00.0014177
00.0015024
00.0014352
00.0015488
00.0014557
00.0014058
00.0015087
00.0015508
00.0015532
00.0015803
00.0014084
00.0014149
00.0014153
00.0015012
00.0014952
00.0014383
00.0014547
00.0014778
00.0020922
00.0015960
00.0014108
00.0015803
00.0014062
00.0020054
00.0014337
00.0017226
00.0014325
00.0016070
00.0015953
00.0021264
00.0014878
00.0014208
00.0015483
00.0014080
00.0014136
00.0015159
00.0014116
00.0015490
00.0014555
00.0014377
00.0014042
00.0014366
00.0015722
