00.0002332
00.0004239
00.0003870
00.0004451
00.0002958
00.0002679
00.0002413
00.0003322
00.0002799
00.0002191
00.0002997
00.0002329
00.0002912
00.0002255
00.0003473
00.0003087
00.0003044
00.0003026
00.0002573
00.0002943
00.0002754
00.0002362
00.0002569
00.0002890
00.0002448
00.0002517
00.0002254
00.0003277
00.0002727
00.0002458
00.0002396
00.0003337
00.0003450
00.0003658
00.0002358
00.0002953
00.0003260
00.0002475
00.0002677
00.0003154
00.0001666
00.0003739
00.0005961
00.0001935
00.0003294
00.0002555
00.0002105
00.0009321
00.0002293
00.0002959
