00.1412317
00.1459714
00.1411717
00.1448739
00.1411487
00.1480065
00.1450938
00.1411285
00.1499072
00.1458177
00.1507645
00.1455378
00.1406750
00.1429363
00.1443240
00.1408527
00.1407190
00.1439374
00.1414219
00.1512818
00.1479991
00.1472049
00.1429411
00.1462708
00.1426767
00.1453380
00.1422826
00.1468625
00.1416848
00.1486790
00.1436752
00.1577903
00.1429758
00.1452003
00.1458183
00.1464009
00.1470735
00.1727507
00.1445835
00.1424160
00.1499139
00.1445653
00.1400127
00.1452918
00.1434210
00.1454656
00.1457574
00.1509105
00.1450376
00.1471223
