14.5166266
14.3263245
14.2143129
14.1176793
14.2653006
14.1991543
14.2456991
14.2799409
14.2821766
14.1285797
14.3682943
14.1347061
14.3737092
14.2431809
14.3583650
14.3661852
14.3137125
14.3101297
14.5335513
14.1771019
14.1890810
14.2301280
14.3505834
14.1582685
14.3518451
14.1355097
14.1896192
14.2702248
14.1358853
14.1311652
14.0006304
14.3309713
14.1164998
14.0248137
14.0553629
14.0857047
14.1919694
14.2055442
14.0892254
14.1237437
14.2176996
14.2124604
14.0985476
14.0788556
14.3667992
14.2029394
15.0305349
14.4748349
14.3069517
14.1544609
