00.0000190
00.0000255
00.0000198
00.0000245
00.0000181
00.0000200
00.0000199
00.0000204
00.0000390
00.0000285
00.0000225
00.0000201
00.0000183
00.0000225
00.0000181
00.0000207
00.0000198
00.0000234
00.0000181
00.0000359
00.0000203
00.0000201
00.0000188
00.0000200
00.0000198
00.0000252
00.0000261
00.0000184
00.0000234
00.0000364
00.0000261
00.0000228
00.0000213
00.0000191
00.0000207
00.0000269
00.0000245
00.0000182
00.0000278
00.0000261
00.0000178
00.0000205
00.0000415
00.0000199
00.0000200
00.0000243
00.0000197
00.0000210
00.0000200
00.0000190
