00.0001286
00.0001265
00.0002282
00.0001458
00.0001167
00.0001050
00.0002461
00.0001400
00.0001158
00.0001325
00.0001182
00.0001106
00.0001073
00.0001789
00.0001284
00.0001278
00.0001499
00.0001136
00.0001156
00.0001195
00.0001185
00.0001200
00.0001092
00.0001137
00.0005216
00.0001109
00.0003271
00.0001143
00.0001174
00.0001567
00.0001514
00.0001173
00.0001223
00.0001086
00.0001071
00.0001155
00.0001127
00.0001136
00.0002327
00.0001614
00.0001075
00.0001122
00.0001346
00.0001253
00.0001306
00.0001234
00.0001158
00.0001261
00.0001175
00.0001674
