00.0017587
00.0020589
00.0016899
00.0015495
00.0015918
00.0025749
00.0016322
00.0017169
00.0018952
00.0025608
00.0016430
00.0021775
00.0016394
00.0016886
00.0016085
00.0018207
00.0029038
00.0016692
00.0015670
00.0021381
00.0031382
00.0023920
00.0015573
00.0019133
00.0015240
00.0017194
00.0015610
00.0022341
00.0017053
00.0020197
00.0015346
00.0018030
00.0015406
00.0025371
00.0016617
00.0016942
00.0022642
00.0015726
00.0016026
00.0016242
00.0015562
00.0016771
00.0015949
00.0016453
00.0016868
00.0016338
00.0016819
00.0015457
00.0017233
00.0016259
