00.0000067
00.0000075
00.0000075
00.0000074
00.0000068
00.0000077
00.0000076
00.0000074
00.0000081
00.0000077
00.0000084
00.0000075
00.0000065
00.0000076
00.0000075
00.0000083
00.0000080
00.0000077
00.0000071
00.0000074
00.0000086
00.0000087
00.0000077
00.0000076
00.0000070
00.0000084
00.0000077
00.0000070
00.0000077
00.0000089
00.0000085
00.0000080
00.0000088
00.0000074
00.0000073
00.0000175
00.0000077
00.0000075
00.0000074
00.0000074
00.0000069
00.0000082
00.0000078
00.0000075
00.0000081
00.0000077
00.0000070
00.0000087
00.0000082
00.0000070
