00.0224563
00.0228719
00.0208992
00.0232478
00.0215621
00.0245337
00.0249301
00.0233611
00.0212707
00.0206580
00.0220238
00.0227454
00.0233663
00.0206585
00.0221799
00.0215085
00.0225785
00.0234384
00.0221876
00.0215470
00.0246400
00.0222233
00.0255522
00.0221144
00.0222378
00.0230125
00.0213010
00.0220875
00.0237791
00.0212341
00.0216666
00.0213579
00.0210354
00.0233350
00.0222395
00.0227623
00.0234972
00.0222148
00.0221037
00.0206195
00.0233737
00.0207235
00.0220822
00.0233258
00.0230902
00.0224654
00.0215842
00.0214981
00.0209913
00.0211438
