00.0002853
00.0003950
00.0003523
00.0003400
00.0003773
00.0003057
00.0003468
00.0003119
00.0004147
00.0002671
00.0003049
00.0002942
00.0003531
00.0004339
00.0003142
00.0003167
00.0003210
00.0004131
00.0003144
00.0003105
00.0003378
00.0003580
00.0003291
00.0003209
00.0003418
00.0002451
00.0002345
00.0003849
00.0003765
00.0003157
00.0004512
00.0003126
00.0004444
00.0003984
00.0002285
00.0004213
00.0002917
00.0003965
00.0006511
00.0004846
00.0002546
00.0003444
00.0002900
00.0002281
00.0003706
00.0004226
00.0002578
00.0003371
00.0005696
00.0005578
