00.0000009
00.0000007
00.0000009
00.0000011
00.0000007
00.0000009
00.0000007
00.0000007
00.0000008
00.0000006
00.0000007
00.0000008
00.0000009
00.0000007
00.0000009
00.0000008
00.0000011
00.0000007
00.0000008
00.0000009
00.0000008
00.0000012
00.0000007
00.0000009
00.0000008
00.0000010
00.0000011
00.0000008
00.0000010
00.0000010
00.0000007
00.0000009
00.0000009
00.0000008
00.0000010
00.0000010
00.0000011
00.0000007
00.0000009
00.0000008
00.0000008
00.0000014
00.0000011
00.0000005
00.0000009
00.0000012
00.0000009
00.0000009
00.0000008
00.0000009
