00.0000035
00.0000039
00.0000035
00.0000038
00.0000041
00.0000041
00.0000033
00.0000034
00.0000037
00.0000032
00.0000040
00.0000035
00.0000036
00.0000039
00.0000036
00.0000041
00.0000039
00.0000032
00.0000034
00.0000036
00.0000043
00.0000042
00.0000035
00.0000035
00.0000035
00.0000040
00.0000041
00.0000042
00.0000032
00.0000038
00.0000048
00.0000035
00.0000038
00.0000034
00.0000034
00.0000035
00.0000037
00.0000036
00.0000255
00.0000040
00.0000040
00.0000036
00.0000033
00.0000033
00.0000035
00.0000036
00.0000046
00.0000042
00.0000035
00.0000039
