00.0003075
00.0003997
00.0002531
00.0004044
00.0002501
00.0003042
00.0002970
00.0003271
00.0003287
00.0002585
00.0004387
00.0004405
00.0003048
00.0002331
00.0002805
00.0002197
00.0003617
00.0002867
00.0002684
00.0005480
00.0003662
00.0004856
00.0003283
00.0002669
00.0002383
00.0002906
00.0004891
00.0002704
00.0002720
00.0008475
00.0002659
00.0004334
00.0002947
00.0002684
00.0004144
00.0002689
00.0003506
00.0004164
00.0007836
00.0003040
00.0002859
00.0002562
00.0003624
00.0004138
00.0004184
00.0004407
00.0003538
00.0004203
00.0009213
00.0003749
