00.0000300
00.0000296
00.0000358
00.0000305
00.0000303
00.0000364
00.0000299
00.0000345
00.0000308
00.0000298
00.0000440
00.0000297
00.0000308
00.0000303
00.0000295
00.0000472
00.0000378
00.0000298
00.0000304
00.0000720
00.0000402
00.0000327
00.0000369
00.0000401
00.0000337
00.0000315
00.0000296
00.0000475
00.0000305
00.0000435
00.0000382
00.0000305
00.0000665
00.0000308
00.0000296
00.0000315
00.0000343
00.0000858
00.0000313
00.0000402
00.0000299
00.0000314
00.0000303
00.0000322
00.0000336
00.0000311
00.0000384
00.0000317
00.0000316
00.0000296
