00.0003510
00.0003470
00.0003427
00.0002934
00.0003043
00.0004688
00.0003091
00.0003080
00.0004365
00.0003367
00.0003047
00.0003005
00.0003036
00.0005585
00.0003044
00.0003762
00.0003300
00.0002993
00.0002936
00.0003495
00.0003575
00.0004050
00.0005028
00.0003752
00.0007494
00.0007588
00.0002963
00.0003009
00.0003114
00.0002936
00.0003190
00.0002966
00.0002970
00.0002933
00.0003021
00.0003769
00.0002937
00.0003326
00.0003034
00.0003138
00.0005480
00.0003203
00.0003002
00.0003478
00.0003158
00.0007763
00.0003023
00.0007442
00.0004420
00.0008526
