00.0014629
00.0015175
00.0023193
00.0018726
00.0021674
00.0015141
00.0014574
00.0015275
00.0015361
00.0022765
00.0020559
00.0015666
00.0021517
00.0015032
00.0019964
00.0020807
00.0014812
00.0021704
00.0016673
00.0015814
00.0019874
00.0020768
00.0015344
00.0017431
00.0018037
00.0020037
00.0019692
00.0020321
00.0020349
00.0020235
00.0015157
00.0019741
00.0019395
00.0017762
00.0024002
00.0018117
00.0025753
00.0015655
00.0021501
00.0015503
00.0015512
00.0019770
00.0020348
00.0021865
00.0020022
00.0015408
00.0014706
00.0017468
00.0015253
00.0015392
