00.0000129
00.0000104
00.0000127
00.0000103
00.0000110
00.0000327
00.0000116
00.0000101
00.0000117
00.0000126
00.0000130
00.0000114
00.0000115
00.0000104
00.0000122
00.0000110
00.0000110
00.0000273
00.0000139
00.0000129
00.0000121
00.0000116
00.0000129
00.0000115
00.0000118
00.0000135
00.0000130
00.0000100
00.0000285
00.0000818
00.0000110
00.0000099
00.0000121
00.0000116
00.0000112
00.0000317
00.0000110
00.0000117
00.0000133
00.0000138
00.0000114
00.0000103
00.0000128
00.0000114
00.0000286
00.0000111
00.0000110
00.0000136
00.0000103
00.0000113
