00.0003321
00.0004339
00.0003192
00.0003126
00.0004252
00.0004322
00.0004366
00.0003774
00.0006212
00.0005327
00.0003712
00.0003263
00.0003328
00.0003927
00.0004988
00.0004213
00.0006609
00.0003736
00.0005142
00.0005019
00.0005763
00.0003676
00.0003641
00.0006262
00.0004027
00.0004163
00.0006985
00.0003872
00.0004330
00.0004376
00.0008741
00.0004698
00.0010945
00.0005239
00.0005229
00.0004104
00.0004517
00.0004068
00.0006592
00.0004602
00.0002982
00.0004225
00.0004964
00.0005606
00.0006014
00.0004346
00.0006163
00.0003578
00.0003605
00.0005319
