00.0001200
00.0001411
00.0001514
00.0001218
00.0001469
00.0001388
00.0001249
00.0001613
00.0001402
00.0001629
00.0001472
00.0001202
00.0001412
00.0001429
00.0001503
00.0001665
00.0001858
00.0001198
00.0001989
00.0001309
00.0001337
00.0001755
00.0001196
00.0001488
00.0001371
00.0001772
00.0001435
00.0001300
00.0001387
00.0001745
00.0001397
00.0001456
00.0001439
00.0001412
00.0001415
00.0001254
00.0001715
00.0001530
00.0001804
00.0001516
00.0001196
00.0001277
00.0001428
00.0001524
00.0003086
00.0001538
00.0001282
00.0001275
00.0001294
00.0001393
