00.0199585
00.0210220
00.0182415
00.0188508
00.0187395
00.0182587
00.0191785
00.0190942
00.0193948
00.0182683
00.0182854
00.0190329
00.0196939
00.0216280
00.0198644
00.0196304
00.0184467
00.0233064
00.0216925
00.0187197
00.0195875
00.0186095
00.0204242
00.0184114
00.0172735
00.0216220
00.0224863
00.0181982
00.0185372
00.0195622
00.0188388
00.0187704
00.0209358
00.0212130
00.0177958
00.0183100
00.0199390
00.0183090
00.0184891
00.0200487
00.0183506
00.0198850
00.0217153
00.0216513
00.0202404
00.0175777
00.0176587
00.0190180
00.0214164
00.0206113
