00.0000013
00.0000007
00.0000011
00.0000021
00.0000011
00.0000011
00.0000017
00.0000018
00.0000011
00.0000011
00.0000013
00.0000014
00.0000009
00.0000014
00.0000015
00.0000009
00.0000009
00.0000011
00.0000008
00.0000010
00.0000011
00.0000010
00.0000025
00.0000012
00.0000010
00.0000015
00.0000011
00.0000013
00.0000009
00.0000700
00.0000009
00.0000008
00.0000011
00.0000008
00.0000011
00.0000013
00.0000017
00.0000012
00.0000010
00.0000010
00.0000010
00.0000013
00.0000010
00.0000011
00.0000013
00.0000010
00.0000011
00.0000010
00.0000018
00.0000013
