00.0004096
00.0004166
00.0004477
00.0005413
00.0004485
00.0004288
00.0004984
00.0005306
00.0005260
00.0005145
00.0008305
00.0005288
00.0004636
00.0005185
00.0004898
00.0005709
00.0004010
00.0004107
00.0008549
00.0006033
00.0007162
00.0005842
00.0004195
00.0011263
00.0004272
00.0004326
00.0006830
00.0008168
00.0005176
00.0004687
00.0005342
00.0004076
00.0004074
00.0004049
00.0004384
00.0005804
00.0004971
00.0005244
00.0005062
00.0004044
00.0005444
00.0004154
00.0004375
00.0004283
00.0004389
00.0008634
00.0004140
00.0004707
00.0006408
00.0005185
