00.0000410
00.0000406
00.0000642
00.0000405
00.0000999
00.0000491
00.0000533
00.0000489
00.0000441
00.0000469
00.0000481
00.0000403
00.0000502
00.0000439
00.0000408
00.0000516
00.0000485
00.0000403
00.0000470
00.0000478
00.0000501
00.0000510
00.0000687
00.0000422
00.0000481
00.0000533
00.0000404
00.0001979
00.0000479
00.0000533
00.0000557
00.0000415
00.0000485
00.0000482
00.0000482
00.0000499
00.0000562
00.0000513
00.0000449
00.0000602
00.0000515
00.0000522
00.0000404
00.0000405
00.0000711
00.0000492
00.0000586
00.0000609
00.0000465
00.0000476
