00.0004517
00.0003728
00.0002755
00.0001991
00.0002741
00.0003725
00.0002384
00.0003326
00.0004497
00.0004169
00.0004335
00.0002303
00.0005398
00.0003010
00.0002716
00.0003485
00.0002310
00.0002663
00.0002488
00.0002493
00.0003087
00.0002346
00.0009089
00.0002289
00.0003368
00.0002523
00.0002420
00.0002420
00.0003119
00.0006983
00.0008887
00.0002840
00.0004684
00.0004085
00.0002734
00.0002360
00.0004149
00.0002562
00.0003530
00.0008750
00.0003635
00.0003611
00.0003013
00.0003547
00.0002647
00.0002555
00.0002381
00.0003695
00.0003620
00.0002386
