00.0000045
00.0000045
00.0000061
00.0000071
00.0000062
00.0000054
00.0000050
00.0000045
00.0000054
00.0000051
00.0000064
00.0000044
00.0000066
00.0000053
00.0000053
00.0000067
00.0000053
00.0000044
00.0000056
00.0000051
00.0000044
00.0000058
00.0000061
00.0000052
00.0000046
00.0000052
00.0000052
00.0000052
00.0000054
00.0000143
00.0000054
00.0000051
00.0000057
00.0000049
00.0000045
00.0000071
00.0000063
00.0000078
00.0000053
00.0000054
00.0000063
00.0000055
00.0000052
00.0000047
00.0000060
00.0000322
00.0000044
00.0000053
00.0000053
00.0000053
