00.0144693
00.0123450
00.0106410
00.0104981
00.0107742
00.0108658
00.0109238
00.0141304
00.0122133
00.0115046
00.0104195
00.0111003
00.0118128
00.0105141
00.0121913
00.0123926
00.0108913
00.0168120
00.0114537
00.0123592
00.0106926
00.0110619
00.0103892
00.0123617
00.0115575
00.0103294
00.0106803
00.0105431
00.0120349
00.0106091
00.0132660
00.0116974
00.0125406
00.0113185
00.0134263
00.0125313
00.0115116
00.0135530
00.0108937
00.0123873
00.0105241
00.0112379
00.0102612
00.0116128
00.0121224
00.0102516
00.0125530
00.0107842
00.0103859
00.0103710
