00.0000889
00.0001022
00.0000960
00.0000990
00.0002823
00.0000994
00.0000863
00.0000952
00.0001284
00.0000715
00.0000791
00.0000719
00.0000893
00.0000909
00.0000758
00.0000710
00.0001007
00.0000933
00.0000707
00.0000901
00.0001040
00.0000808
00.0000998
00.0000706
00.0000766
00.0001026
00.0000867
00.0000706
00.0000706
00.0002329
00.0001826
00.0000948
00.0000851
00.0000848
00.0001029
00.0000752
00.0000780
00.0000832
00.0002440
00.0000933
00.0000805
00.0000711
00.0000715
00.0000778
00.0000787
00.0000955
00.0000781
00.0001064
00.0000719
00.0000823
