00.0000069
00.0000064
00.0000065
00.0000092
00.0000076
00.0000086
00.0000224
00.0000084
00.0000171
00.0000080
00.0000065
00.0000063
00.0000094
00.0000081
00.0000071
00.0000077
00.0000076
00.0000084
00.0000082
00.0000078
00.0000087
00.0000078
00.0000094
00.0000080
00.0000080
00.0000087
00.0000256
00.0000080
00.0000091
00.0000151
00.0000124
00.0000086
00.0000078
00.0000061
00.0000071
00.0000219
00.0000086
00.0000079
00.0000088
00.0000080
00.0000176
00.0000078
00.0000078
00.0000086
00.0000079
00.0000089
00.0000087
00.0000078
00.0000075
00.0000064
