00.0003621
00.0003630
00.0002500
00.0002321
00.0003750
00.0003001
00.0002351
00.0003132
00.0005291
00.0002640
00.0002327
00.0002340
00.0002351
00.0002748
00.0002642
00.0002334
00.0002295
00.0002393
00.0002297
00.0003659
00.0002596
00.0002349
00.0002498
00.0004009
00.0002884
00.0003256
00.0002390
00.0002324
00.0003361
00.0002283
00.0002374
00.0002523
00.0002370
00.0002442
00.0003586
00.0002289
00.0003290
00.0002281
00.0002293
00.0002289
00.0002280
00.0003541
00.0002908
00.0003647
00.0003972
00.0005065
00.0003479
00.0002378
00.0002288
00.0002331
