00.0008615
00.0008682
00.0011861
00.0009577
00.0011802
00.0009583
00.0008620
00.0009199
00.0008588
00.0008586
00.0008814
00.0008696
00.0008554
00.0009734
00.0009102
00.0008705
00.0008677
00.0008557
00.0010210
00.0008681
00.0008871
00.0008585
00.0012511
00.0009278
00.0011408
00.0008587
00.0008602
00.0013361
00.0011092
00.0008815
00.0008766
00.0018686
00.0008924
00.0008835
00.0013442
00.0008893
00.0012358
00.0009613
00.0008785
00.0008697
00.0008688
00.0013135
00.0008912
00.0008658
00.0010418
00.0014102
00.0008572
00.0008735
00.0008829
00.0008569
