00.0003716
00.0004557
00.0002909
00.0002739
00.0004367
00.0008485
00.0004308
00.0003677
00.0003619
00.0002841
00.0003305
00.0003351
00.0003173
00.0004134
00.0006422
00.0002866
00.0003840
00.0004307
00.0003910
00.0004980
00.0003667
00.0003019
00.0170050
00.0006736
00.0004613
00.0003820
00.0003706
00.0003402
00.0003355
00.0007703
00.0002984
00.0003969
00.0003996
00.0004469
00.0004477
00.0004340
00.0002733
00.0003995
00.0005737
00.0004253
00.0003156
00.0003677
00.0004333
00.0004202
00.0005480
00.0003588
00.0004434
00.0003541
00.0003192
00.0004135
