00.0940142
00.0914259
00.0774373
00.0961218
00.0855376
00.0851198
00.0789137
00.0810436
00.0815279
00.0824607
00.0951740
00.0832266
00.0913416
00.0924275
00.0909378
00.0785968
00.0862822
00.0951089
00.0825670
00.0849752
00.0924617
00.0918753
00.0814258
00.0936726
00.0941334
00.1007581
00.0890234
00.0787747
00.0887450
00.0808735
00.0924006
00.1054494
00.0858770
00.0909232
00.0856023
00.0899421
00.0903972
00.0811941
00.0770970
00.0904251
00.0854995
00.0972280
00.0817075
00.1036840
00.0871311
00.0947870
00.1030865
00.0805470
00.0903010
00.0933307
