00.0007861
00.0007992
00.0010618
00.0007865
00.0008924
00.0009396
00.0007882
00.0011730
00.0008397
00.0014641
00.0008338
00.0009621
00.0010011
00.0008053
00.0007902
00.0008580
00.0009624
00.0008029
00.0013075
00.0008215
00.0014189
00.0008340
00.0008187
00.0008556
00.0008189
00.0009265
00.0008594
00.0008778
00.0008383
00.0008704
00.0010449
00.0014659
00.0066447
00.0008020
00.0007986
00.0011319
00.0011965
00.0012184
00.0014606
00.0009862
00.0007857
00.0008097
00.0008407
00.0008202
00.0010079
00.0013754
00.0013993
00.0011779
00.0008174
00.0008403
