00.0000112
00.0000142
00.0000147
00.0000118
00.0000131
00.0000167
00.0000136
00.0000139
00.0000136
00.0000151
00.0000163
00.0000131
00.0000133
00.0000112
00.0000141
00.0000130
00.0000151
00.0000118
00.0000135
00.0000146
00.0000183
00.0000142
00.0000163
00.0000132
00.0000132
00.0000132
00.0000136
00.0000130
00.0000384
00.0000169
00.0000139
00.0000178
00.0000137
00.0000176
00.0000138
00.0000134
00.0000111
00.0000168
00.0000214
00.0000169
00.0000267
00.0000115
00.0000172
00.0000289
00.0000147
00.0000170
00.0000145
00.0000177
00.0000138
00.0000127
