00.0014213
00.0014541
00.0014752
00.0013998
00.0016581
00.0016041
00.0013695
00.0013776
00.0014553
00.0014137
00.0014233
00.0013799
00.0014149
00.0013930
00.0013948
00.0014110
00.0022340
00.0013688
00.0015025
00.0014205
00.0015321
00.0016123
00.0015871
00.0014392
00.0015154
00.0016098
00.0013800
00.0013815
00.0013662
00.0014160
00.0017778
00.0014502
00.0119417
00.0013830
00.0013726
00.0014029
00.0016462
00.0013815
00.0014063
00.0031252
00.0013813
00.0013612
00.0015296
00.0014665
00.0016572
00.0014063
00.0013850
00.0014164
00.0013709
00.0013871
