00.0002760
00.0004721
00.0003870
00.0003315
00.0003149
00.0003269
00.0003252
00.0003171
00.0003059
00.0003715
00.0002810
00.0002877
00.0002676
00.0003002
00.0003076
00.0003075
00.0007695
00.0002995
00.0003561
00.0002907
00.0002836
00.0002428
00.0002664
00.0002662
00.0002747
00.0003305
00.0002910
00.0002915
00.0003665
00.0002348
00.0003466
00.0004190
00.0005350
00.0003099
00.0003083
00.0003336
00.0002766
00.0002612
00.0004857
00.0002743
00.0002887
00.0003082
00.0003188
00.0003567
00.0002652
00.0002644
00.0004430
00.0002769
00.0002593
00.0002920
