00.1422287
00.1382499
00.1445118
00.1713412
00.1527551
00.1448601
00.1582414
00.1530418
00.1423395
00.1394466
00.1384987
00.1401852
00.1430763
00.1382059
00.1477382
00.1502082
00.1442761
00.1393404
00.1401008
00.1429246
00.1514830
00.1427805
00.1427320
00.1420575
00.1441654
00.1416971
00.1386977
00.1404238
00.1445686
00.1435921
00.1504412
00.1456452
00.1439004
00.1374991
00.1419522
00.1414355
00.1412268
00.1412721
00.1406508
00.1397178
00.1412524
00.1435625
00.1433802
00.1433501
00.1422587
00.1428723
00.1428974
00.1389614
00.1466232
00.1376143
