00.0000157
00.0000154
00.0000202
00.0000158
00.0000170
00.0000164
00.0000172
00.0000170
00.0000178
00.0000189
00.0000165
00.0000178
00.0000166
00.0000163
00.0000582
00.0000353
00.0000164
00.0000191
00.0000185
00.0000199
00.0000168
00.0000175
00.0000177
00.0000170
00.0000224
00.0000324
00.0000183
00.0000161
00.0000162
00.0000846
00.0000949
00.0000181
00.0000164
00.0000160
00.0000166
00.0000164
00.0000164
00.0000170
00.0000192
00.0000181
00.0000164
00.0000166
00.0000165
00.0000171
00.0000167
00.0000278
00.0000202
00.0000167
00.0001117
00.0000164
