14.7201760
14.6609331
13.9294725
14.0255299
14.4462040
14.1507698
14.2965430
14.4315165
13.9752466
13.9735593
13.9842215
14.0968762
14.1578504
13.9311806
14.0183787
14.0533533
13.9883764
14.0959283
13.9774797
14.6245735
14.3021613
13.8975893
13.9410902
14.0067785
14.0495129
14.0472132
13.9574838
13.9339262
14.2306828
13.9244257
14.0415080
13.9863695
13.9231757
14.0668395
13.9017073
14.0603204
14.1468827
13.9288085
13.9657902
14.0746446
14.1784106
14.1005950
14.9957373
14.7695127
14.4920872
13.9906402
14.0495876
13.9562004
14.1484790
13.9445746
