00.0003001
00.0003047
00.0003444
00.0002996
00.0002967
00.0003603
00.0003202
00.0003226
00.0003885
00.0003119
00.0003247
00.0003398
00.0003191
00.0003022
00.0003054
00.0003997
00.0003388
00.0002964
00.0003579
00.0003160
00.0004543
00.0003195
00.0006820
00.0003022
00.0006663
00.0003140
00.0002966
00.0003581
00.0003301
00.0003617
00.0004272
00.0003780
00.0002969
00.0003257
00.0002966
00.0004114
00.0003516
00.0003447
00.0003098
00.0003472
00.0002967
00.0002982
00.0003174
00.0003019
00.0003454
00.0003443
00.0003516
00.0003269
00.0003399
00.0003506
