00.0003464
00.0003444
00.0002531
00.0002665
00.0002882
00.0003420
00.0003174
00.0003938
00.0004538
00.0003821
00.0003759
00.0003204
00.0003326
00.0003135
00.0003732
00.0009981
00.0005226
00.0003525
00.0002863
00.0003127
00.0003377
00.0002844
00.0004345
00.0003393
00.0003177
00.0006759
00.0003089
00.0003203
00.0003174
00.0002492
00.0002466
00.0003535
00.0002867
00.0002817
00.0003530
00.0003449
00.0003028
00.0003078
00.0002783
00.0002802
00.0002831
00.0003266
00.0001890
00.0004364
00.0002852
00.0002841
00.0002585
00.0002852
00.0002699
00.0003834
