00.0000021
00.0000018
00.0000025
00.0000030
00.0000029
00.0000027
00.0000027
00.0000029
00.0000021
00.0000028
00.0000026
00.0000024
00.0000023
00.0000024
00.0000026
00.0000023
00.0000022
00.0000033
00.0000020
00.0000028
00.0000130
00.0000027
00.0000059
00.0000022
00.0000024
00.0000026
00.0000030
00.0000019
00.0000024
00.0000023
00.0000024
00.0000025
00.0000024
00.0000023
00.0000026
00.0000021
00.0000026
00.0000026
00.0000027
00.0000029
00.0000026
00.0000024
00.0000021
00.0000022
00.0000024
00.0000025
00.0000027
00.0000030
00.0000025
00.0000025
