00.0000221
00.0000273
00.0000302
00.0000230
00.0000289
00.0000427
00.0000308
00.0000287
00.0000538
00.0000276
00.0000326
00.0000221
00.0000470
00.0000304
00.0000222
00.0000283
00.0000638
00.0000218
00.0000267
00.0000563
00.0000235
00.0000314
00.0000531
00.0000273
00.0000280
00.0000504
00.0000246
00.0000274
00.0000238
00.0000510
00.0000326
00.0000289
00.0000244
00.0000227
00.0000273
00.0000342
00.0000303
00.0000314
00.0000424
00.0000325
00.0000219
00.0000330
00.0001104
00.0000228
00.0000326
00.0000221
00.0000246
00.0000338
00.0000271
00.0000276
