00.0043347
00.0052091
00.0039720
00.0053034
00.0041680
00.0042406
00.0045258
00.0043832
00.0040297
00.0039047
00.0053568
00.0038955
00.0039616
00.0060789
00.0046908
00.0053541
00.0044511
00.0038557
00.0039013
00.0044461
00.0045488
00.0039980
00.0043841
00.0043388
00.0048029
00.0054183
00.0038952
00.0040476
00.0056423
00.0040082
00.0055024
00.0044354
00.0039189
00.0042086
00.0071231
00.0038970
00.0042100
00.0038189
00.0045807
00.0042339
00.0047834
00.0056430
00.0044191
00.0043522
00.0047211
00.0040611
00.0041299
00.0050676
00.0047607
00.0040026
